Recife,Olinda,03 12 2019,04 12 2019
Recife,Olinda,03 12 2019,04 12 2019
fafa,fasfa,06 12 2019,27 12 2019
Recife,Olinda,03 12 2019,04 12 2019
fafa,fasfa,06 12 2019,27 12 2019
Recife,Olinda,03 12 2019,04 12 2019
fafa,fasfa,06 12 2019,27 12 2019
Viagem1,Viagem2,02 12 2019,05 12 2019
Recife,Olinda,03 12 2019,04 12 2019
fafa,fasfa,06 12 2019,27 12 2019
Viagem1,Viagem2,02 12 2019,05 12 2019
Recife,Olinda,03 12 2019,04 12 2019
fafa,fasfa,06 12 2019,27 12 2019
Viagem1,Viagem2,02 12 2019,05 12 2019
Recife,Olinda,03 12 2019,04 12 2019
fafa,fasfa,06 12 2019,27 12 2019
Recife,Olinda,03 12 2019,04 12 2019
fafa,fasfa,06 12 2019,27 12 2019
Recife,Olinda,03 12 2019,04 12 2019
fafa,fasfa,06 12 2019,27 12 2019
Recife,Olinda,03 12 2019,04 12 2019
fafa,fasfa,06 12 2019,27 12 2019
Viagem1,Viagem2,02 12 2019,05 12 2019
Recife,Olinda,03 12 2019,04 12 2019
fafa,fasfa,06 12 2019,27 12 2019
Viagem1,Viagem2,02 12 2019,05 12 2019